$ 1 0.000005 1.0312258501325766 43 5 50
L 176 176 128 176 0 1 false 3.3 0
r 544 144 592 144 0 10000
r 624 64 624 128 0 100000
R 656 -16 656 -48 0 0 40 7.2 0 0 0.5
g 624 160 624 176 0 0
t 592 144 624 144 0 1 0 0 100
f 656 128 704 128 33 1.5 0.02
w 624 128 656 128 0
w 704 112 704 80 0
w 704 -16 656 -16 0
w 656 -16 624 -16 0
w 704 144 704 160 0
r 992 592 992 624 0 1
w 992 624 992 640 0
f 1040 656 992 656 32 1.5 0.02
g 992 672 992 688 0 0
t 1104 672 1072 672 0 1 0 0 100
g 1072 688 1072 704 0 0
w 1040 656 1072 656 0
r 1072 656 1072 608 0 100000
w 992 560 992 592 0
w 1072 576 1072 608 0
r 1104 672 1152 672 0 1000
L 1168 672 1200 672 0 0 false 3.3 0
w 1152 672 1168 672 0
401 432 144 496 144 1 8\s15\s-15\s1000000\s0\s0\s100000 0\s20\s10000000000 0\s0
R 496 96 496 64 0 0 40 3.3 0 0 0.5
r 496 144 496 96 0 10000
w 496 144 544 144 0
r 224 96 176 96 0 10000
c 304 112 304 80 0 0.00001 0.001 0.001
r 304 128 304 160 0 1000
g 304 192 304 208 0 0
R 304 80 304 48 0 0 40 3.3 0 0 0.5
t 272 176 304 176 0 1 0 0 100
r 272 176 224 176 0 10000
w 304 112 304 128 0
w 304 128 368 128 0
t 224 96 256 96 0 -1 0 0 100
w 256 112 304 112 0
w 256 80 304 80 0
w 224 176 176 176 0
w 176 176 176 96 0
R 1072 576 1072 544 0 0 40 7.2 0 0 0.5
w 368 128 432 128 0
t 368 240 368 272 1 -1 0 0 100
R 352 272 320 272 0 0 40 3.3 0 0 0.5
r 384 272 432 272 0 1000
162 432 272 464 272 2 default-led 1 1 0 0.01
g 464 272 480 272 0 0
r 368 240 368 208 0 10000
w 368 208 368 128 0
w 544 208 544 144 0
R 528 272 512 272 0 0 40 3.3 0 0 0.5
162 544 512 576 512 2 default-led 1 0 0 0.01
t 624 480 624 512 1 1 0 0 100
w 544 208 608 208 0
x 53 183 106 186 4 24 ARM
x 1254 322 1308 325 4 24 FIRE
207 704 160 704 176 4 drain
207 992 560 992 544 4 drain
w 624 64 624 -16 0
w 704 80 704 -16 0
s 928 224 848 224 0 1 false
t 704 224 672 224 0 1 0 0 100
r 752 224 704 224 0 100000
R 928 224 928 192 0 0 40 3.3 0 0 0.5
r 736 304 736 256 0 10000
g 784 384 800 384 0 0
162 720 384 752 384 2 default-led 1 1 0 0.01
r 672 384 720 384 0 1000
R 672 384 640 384 0 0 40 3.3 0 0 0.5
R 1152 112 1152 96 0 0 40 3.3 0 0 0.5
r 1152 112 1152 144 0 2200
r 1152 144 1152 176 0 1000
g 1152 176 1152 192 0 0
w 1152 144 1200 144 0
p 1200 144 1200 176 1 0 0
w 1200 176 1152 176 0
w 608 208 672 208 0
g 672 240 672 256 0 0
w 784 224 752 224 0
t 784 272 784 304 1 1 0 0 100
g 816 304 816 320 0 0
w 736 304 768 304 0
R 736 256 736 240 0 0 40 3.3 0 0 0.5
r 784 272 784 224 0 10000
r 768 352 768 304 0 1000
t 768 352 768 384 1 1 0 0 100
w 784 224 784 192 0
207 1248 144 1248 128 4 CMP_ARM_DIV
w 1200 144 1248 144 0
207 432 176 432 192 4 CMP_ARM_DIV
w 432 160 432 176 0
g 1008 384 1024 384 0 0
162 976 384 1008 384 2 default-led 0 1 0 0.01
r 928 384 976 384 0 1000
R 896 384 864 384 0 0 40 3.3 0 0 0.5
t 912 352 912 384 1 -1 0 0 100
r 912 336 912 304 0 10000
w 912 336 912 352 0
w 912 304 864 304 0
w 848 224 832 224 0
w 832 224 784 224 0
t 848 272 848 304 0 1 0 0 100
w 816 304 800 304 0
w 816 304 832 304 0
w 784 272 848 272 0
r 928 416 976 416 0 1000
162 976 416 1008 416 2 default-led 0 1 0 0.01
g 1008 416 1024 416 0 0
w 928 416 928 384 0
165 320 400 384 400 6 0
R 384 336 384 320 0 0 40 3.3 0 0 0.5
r 304 432 304 400 0 10000
r 304 480 304 448 0 10000
w 304 496 320 496 0
w 304 448 304 432 0
w 304 432 320 432 0
w 304 480 304 496 0
w 320 528 304 528 0
w 304 496 304 528 0
w 304 400 304 368 0
w 304 368 384 368 0
g 416 592 416 608 0 0
c 384 560 384 592 0 1e-8 0.001 0.001
w 416 592 384 592 0
w 416 592 416 560 0
c 304 528 304 576 0 4.7000000000000004e-8 0.001 0.001
g 304 576 304 592 0 0
w 448 464 496 464 0
p 496 464 496 496 1 0 0
g 496 496 496 512 0 0
g 640 512 672 512 0 0
r 432 336 464 336 0 100000
w 480 432 480 368 0
w 384 336 384 368 0
w 384 368 432 368 0
w 432 336 384 336 0
w 496 336 512 336 0
t 544 352 512 352 0 1 0 0 100
r 544 336 544 304 0 10000
w 544 336 544 352 0
w 544 304 544 208 0
w 464 336 496 336 0
g 512 368 512 384 0 0
r 432 368 464 368 0 100000
t 496 336 496 368 1 1 0 0 100
w 464 368 480 368 0
w 480 432 448 432 0
162 544 528 576 528 2 default-led 1 0 0 0.01
r 576 512 608 512 0 1000
r 576 528 608 528 0 1000
w 608 528 608 512 0
w 544 512 544 528 0
R 544 528 528 528 0 0 40 3.3 0 0 0.5
r 560 464 608 464 0 10000
w 608 464 624 464 0
w 624 464 624 480 0
w 560 464 496 464 0
o 37 8 0 4099 5 0.4 0 5 12 0 12 3 91 0 91 3
